00000100011         0000100000100
00000100022         0000200000200
00000200012         0000200000200
00000200022         0000200000200
00000300013         0000300000300
00000300023         0000300000300
00000300033         0000300000300
00000300043         0000300000300
00000400014         0000400000400
00000400025         0000500000500
00000400036         0000600000600
00000600011         0000100000100
00000600022         0000200000200
00000600033         0000300000300
00000600044         0000400000400
00000600054         0000400000400
00000600064         0000500000500
00000600076         0000700000700
00000600086         0000400000400
00000900019         0000900000900
00000900029         0000900000900
00000900039         0000900000900
00000900049         0000900000900
00000900059         0000900000900
00000900069         0000900000900
00000900079         0000900000900
00000900089         0000900000900
00000900099         0000900000900
00000900109         0000900090000
00003400012         0000200019900
000069000119        0000500000500
0001230001123       0012300012300
000777000112        0005500001999
000778000122        0002500002599
000778000223        0003300200000
00077800032025      0001100000000
0009990001999       0000900000900
00099900029         0000900000900
00099900039         0000900000900
00099900049         0000900000900
00099900059         0009900000900
00099900069         0000900000900
00099900070         0000900000000
001738000112        0005500005025
001738000221        0005500005525
001994000112        0002300004300
00199600010         0001200019999
00202600010         0001200019999
00696900011         0001500009900
01234500011         0000100199900
12344500010         0000000001299
74153700011         0002300023400
