0000011       202202151                   0001
0000022       202202152                   0002
0000033       202202153                   0003
0000044       202202154                   0004
0000066       202202156                   0006
00000999      0000000999                  0009
00003434      20260622b                   0002
0000690924    20260622Brayan              2407
000123cust    202606220                   0000
000777Mark    20260622Brayan              0123
000778Mark    20260622Brayan              0123
000999999     00000000999                 0999
00173812      20260622Braylon             0123
0019941994    20260622Brandon             1232
001996test    20260622Clari               0123
0020261232    20260622Brayan              0123
0069692494    20260622Brayan              0123
0123451242345 20260622Brayan              1234
12344512345   20260622Braryan             0213
741537123414  20260622Brayan Mejia        0123
